y = 1.07236871002*x + 0.0
y = -1.0*x + 100.0
y = 0.965688774807*x + 3.43112251929
(48.2539615254,51.7460384746,0)
('Avg intersection point: ', '(43.1813270281,45.703047635,0)')
